Test Acc:0.7015959517321915--------F1 macro:0.6105716380664591--------F1 weighted:0.7058531116623916
Test Report
              precision    recall  f1-score   support

     CWE-918     0.9855    0.7556    0.8553        90
     CWE-306     0.5211    0.3936    0.4485        94
     CWE-120     0.5318    0.8520    0.6549       196
     CWE-362     0.4545    0.8197    0.5848       122
     CWE-835     0.8205    0.7805    0.8000        41
     CWE-326     0.3158    0.3871    0.3478        31
     CWE-347     0.3279    0.8333    0.4706        24
     CWE-312     0.1875    0.2857    0.2264        42
     CWE-770     0.2875    0.3898    0.3309        59
     CWE-295     0.7407    0.7407    0.7407        81
     CWE-843     0.8000    0.8235    0.8116        34
     CWE-862     0.4923    0.7227    0.5856       220
     CWE-426     0.7838    0.6905    0.7342        42
     CWE-352     0.7388    0.9492    0.8309       453
     CWE-434     0.4603    0.8660    0.6011       194
     CWE-755     0.1286    0.6429    0.2143        28
     CWE-276     0.4588    0.6094    0.5235        64
     CWE-908     0.6562    0.8750    0.7500        24
     CWE-668     0.1915    0.2000    0.1957        45
     CWE-327     0.3200    0.2286    0.2667        35
      CWE-77     0.5024    0.7027    0.5859       148
     CWE-476     0.7252    0.8520    0.7835       223
     CWE-401     0.5694    0.7885    0.6613        52
     CWE-772     0.9231    0.3529    0.5106        34
      CWE-74     0.3936    0.5211    0.4485        71
      CWE-59     0.8734    0.6330    0.7340       109
      CWE-20     0.6241    0.3136    0.4174       810
     CWE-119     0.8664    0.4729    0.6119      1070
     CWE-203     0.5312    0.6296    0.5763        27
     CWE-601     0.7317    0.8451    0.7843        71
     CWE-200     0.8179    0.4797    0.6047       590
      CWE-89     0.9943    0.9164    0.9538       957
     CWE-190     0.7657    0.9150    0.8337       200
     CWE-787     0.6793    0.8045    0.7366       890
     CWE-863     0.4029    0.4746    0.4358       118
     CWE-287     0.4553    0.7509    0.5669       285
     CWE-427     0.6102    0.8182    0.6990        44
      CWE-94     0.4354    0.6815    0.5314       292
      CWE-79     0.9951    0.7225    0.8372      2256
      CWE-78     0.6376    0.7669    0.6963       296
     CWE-134     0.7200    0.9474    0.8182        19
     CWE-732     0.3700    0.3776    0.3737        98
     CWE-502     0.6224    0.8318    0.7120       107
     CWE-611     0.7373    0.9457    0.8286        92
     CWE-617     0.5652    0.6842    0.6190        38
     CWE-345     0.2941    0.3846    0.3333        26
     CWE-532     0.3458    0.8409    0.4901        44
     CWE-415     1.0000    0.7619    0.8649        42
     CWE-416     0.8962    0.8769    0.8865       325
     CWE-269     0.3098    0.5377    0.3931       106
     CWE-639     0.6471    0.3929    0.4889        28
     CWE-400     0.4963    0.4855    0.4908       138
     CWE-125     0.7438    0.8947    0.8123       532
      CWE-22     0.8963    0.8842    0.8902       518
     CWE-522     0.7083    0.3778    0.4928        90
     CWE-798     0.7984    0.7984    0.7984       129
     CWE-319     0.4359    0.6667    0.5271        51

    accuracy                         0.7016     12845
   macro avg     0.6022    0.6662    0.6106     12845
weighted avg     0.7552    0.7016    0.7059     12845

Test Confusion
[[ 68   0   0 ...   0   0   0]
 [  0  37   0 ...   0   0   0]
 [  0   0 167 ...   0   0   0]
 ...
 [  0   0   0 ...  34   3   4]
 [  0   1   0 ...   2 103   1]
 [  0   0   0 ...   1   1  34]]
