Test Acc:0.7039314908524718--------F1 macro:0.6162990884123658--------F1 weighted:0.7133817471708676
Test Report
              precision    recall  f1-score   support

      CWE-59     0.6815    0.8440    0.7541       109
     CWE-732     0.3951    0.3265    0.3575        98
     CWE-918     0.9294    0.8778    0.9029        90
     CWE-416     0.9293    0.8892    0.9088       325
     CWE-327     0.4643    0.3714    0.4127        35
     CWE-755     0.1589    0.6071    0.2519        28
     CWE-120     0.5070    0.7347    0.6000       196
     CWE-522     0.3777    0.7889    0.5108        90
     CWE-119     0.8325    0.4598    0.5924      1070
     CWE-319     0.6111    0.4314    0.5057        51
     CWE-287     0.5112    0.7193    0.5977       285
     CWE-532     0.5532    0.5909    0.5714        44
     CWE-502     0.7391    0.7944    0.7658       107
     CWE-306     0.5625    0.1915    0.2857        94
     CWE-787     0.6932    0.7719    0.7305       890
     CWE-134     0.7200    0.9474    0.8182        19
      CWE-77     0.4615    0.5270    0.4921       148
     CWE-295     0.8000    0.5432    0.6471        81
     CWE-426     0.7179    0.6667    0.6914        42
     CWE-345     0.2245    0.4231    0.2933        26
     CWE-125     0.7879    0.8590    0.8219       532
     CWE-772     0.5854    0.7059    0.6400        34
     CWE-798     0.8362    0.7519    0.7918       129
     CWE-427     0.5818    0.7273    0.6465        44
     CWE-312     0.7143    0.2381    0.3571        42
     CWE-843     0.8108    0.8824    0.8451        34
     CWE-269     0.3710    0.4340    0.4000       106
     CWE-434     0.6880    0.8866    0.7748       194
      CWE-22     0.9173    0.8996    0.9084       518
      CWE-79     0.9960    0.7801    0.8750      2256
     CWE-770     0.3298    0.5254    0.4052        59
     CWE-347     0.6552    0.7917    0.7170        24
     CWE-203     0.2917    0.7778    0.4242        27
     CWE-863     0.2583    0.3305    0.2900       118
      CWE-74     0.1064    0.6056    0.1811        71
     CWE-862     0.6167    0.6727    0.6435       220
     CWE-352     0.7398    0.9603    0.8357       453
     CWE-362     0.7752    0.8197    0.7968       122
     CWE-200     0.6048    0.6407    0.6222       590
     CWE-835     0.4605    0.8537    0.5983        41
     CWE-326     0.4194    0.4194    0.4194        31
     CWE-190     0.8776    0.8600    0.8687       200
     CWE-476     0.6667    0.8610    0.7515       223
     CWE-639     0.6000    0.6429    0.6207        28
     CWE-276     0.3478    0.5000    0.4103        64
     CWE-601     0.8448    0.6901    0.7597        71
     CWE-668     0.1458    0.1556    0.1505        45
     CWE-415     0.9070    0.9286    0.9176        42
     CWE-611     0.8600    0.9348    0.8958        92
      CWE-20     0.5408    0.3679    0.4379       810
     CWE-401     0.7222    0.5000    0.5909        52
      CWE-89     0.9951    0.8422    0.9123       957
     CWE-617     0.7368    0.7368    0.7368        38
     CWE-908     0.6667    0.6667    0.6667        24
      CWE-78     0.6070    0.7669    0.6776       296
     CWE-400     0.5039    0.4710    0.4869       138
      CWE-94     0.5305    0.5959    0.5613       292

    accuracy                         0.7039     12845
   macro avg     0.6135    0.6595    0.6163     12845
weighted avg     0.7520    0.7039    0.7134     12845

Test Confusion
[[ 92   0   0 ...   0   0   0]
 [  2  32   0 ...   1   0   1]
 [  0   0  79 ...   1   0   0]
 ...
 [  0   0   0 ... 227   0   5]
 [  0   0   0 ...   0  65   0]
 [  1   2   1 ...  13   0 174]]
