Test Acc:0.6896068509147528--------F1 macro:0.6042744502718389--------F1 weighted:0.7008708901938856
Test Report
              precision    recall  f1-score   support

      CWE-78     0.5984    0.7703    0.6736       296
     CWE-134     0.6800    0.8947    0.7727        19
     CWE-843     0.9091    0.8824    0.8955        34
     CWE-601     0.4079    0.8732    0.5561        71
     CWE-327     0.3235    0.3143    0.3188        35
     CWE-269     0.2353    0.4906    0.3180       106
     CWE-732     0.2204    0.5510    0.3149        98
     CWE-476     0.6323    0.8789    0.7355       223
     CWE-401     0.5211    0.7115    0.6016        52
      CWE-20     0.6181    0.3037    0.4073       810
     CWE-347     0.2836    0.7917    0.4176        24
     CWE-125     0.7655    0.8835    0.8202       532
     CWE-427     0.5152    0.7727    0.6182        44
     CWE-770     0.1548    0.6271    0.2483        59
     CWE-415     0.9697    0.7619    0.8533        42
     CWE-755     0.1923    0.7143    0.3030        28
     CWE-200     0.7986    0.5644    0.6614       590
     CWE-190     0.8800    0.8800    0.8800       200
      CWE-59     0.8421    0.7339    0.7843       109
     CWE-862     0.4876    0.7136    0.5793       220
     CWE-276     0.5806    0.2812    0.3789        64
      CWE-22     0.8812    0.8880    0.8846       518
     CWE-295     0.7176    0.7531    0.7349        81
     CWE-639     0.5862    0.6071    0.5965        28
     CWE-120     0.4777    0.8214    0.6041       196
     CWE-203     0.7917    0.7037    0.7451        27
     CWE-863     0.3538    0.3898    0.3710       118
     CWE-835     0.8049    0.8049    0.8049        41
      CWE-77     0.4869    0.6284    0.5487       148
     CWE-617     0.5000    0.7895    0.6122        38
     CWE-426     0.9091    0.4762    0.6250        42
      CWE-74     0.2328    0.3803    0.2888        71
     CWE-287     0.6556    0.6211    0.6378       285
     CWE-611     0.9043    0.9239    0.9140        92
     CWE-502     0.6642    0.8318    0.7386       107
     CWE-319     0.3667    0.6471    0.4681        51
     CWE-668     0.1325    0.2444    0.1719        45
     CWE-918     0.9863    0.8000    0.8834        90
     CWE-522     0.5357    0.5000    0.5172        90
      CWE-94     0.3834    0.6644    0.4862       292
     CWE-787     0.7395    0.7112    0.7251       890
     CWE-306     0.3116    0.4574    0.3707        94
     CWE-312     0.2778    0.4762    0.3509        42
     CWE-798     0.7214    0.7829    0.7509       129
     CWE-352     0.7469    0.9448    0.8343       453
      CWE-89     0.9945    0.9467    0.9700       957
     CWE-362     0.6779    0.8279    0.7454       122
     CWE-532     0.5000    0.7727    0.6071        44
     CWE-345     0.2593    0.2692    0.2642        26
      CWE-79     0.9973    0.6622    0.7960      2256
     CWE-772     0.7059    0.3529    0.4706        34
     CWE-326     0.3077    0.5161    0.3855        31
     CWE-434     0.6346    0.8505    0.7269       194
     CWE-119     0.7981    0.5393    0.6436      1070
     CWE-416     0.9262    0.8492    0.8860       325
     CWE-400     0.5000    0.3261    0.3947       138
     CWE-908     0.7500    0.7500    0.7500        24

    accuracy                         0.6896     12845
   macro avg     0.5936    0.6650    0.6043     12845
weighted avg     0.7532    0.6896    0.7009     12845

Test Confusion
[[228   1   0 ...   0   0   0]
 [  0  17   0 ...   0   0   0]
 [  0   0  30 ...   0   0   0]
 ...
 [  0   0   0 ... 276   0   0]
 [  0   1   0 ...   0  45   0]
 [  0   0   0 ...   1   0  18]]
