Test Acc:0.7130400934215648--------F1 macro:0.6059366108086544--------F1 weighted:0.7164490350455723
Test Report
              precision    recall  f1-score   support

      CWE-59     0.6691    0.8349    0.7429       109
     CWE-732     0.3563    0.3163    0.3351        98
     CWE-918     0.9512    0.8667    0.9070        90
     CWE-416     0.8997    0.8831    0.8913       325
     CWE-327     0.3750    0.2571    0.3051        35
     CWE-755     0.3478    0.5714    0.4324        28
     CWE-120     0.4611    0.7551    0.5725       196
     CWE-522     0.4183    0.7111    0.5267        90
     CWE-119     0.8910    0.3972    0.5495      1070
     CWE-319     0.7297    0.5294    0.6136        51
     CWE-287     0.4919    0.7474    0.5933       285
     CWE-532     0.5217    0.5455    0.5333        44
     CWE-502     0.7304    0.7850    0.7568       107
     CWE-306     0.4545    0.2128    0.2899        94
     CWE-787     0.6915    0.7933    0.7389       890
     CWE-134     0.6667    0.8421    0.7442        19
      CWE-77     0.6282    0.3311    0.4336       148
     CWE-295     0.7143    0.4938    0.5839        81
     CWE-426     0.6842    0.6190    0.6500        42
     CWE-345     0.2857    0.3077    0.2963        26
     CWE-125     0.8552    0.8214    0.8380       532
     CWE-772     0.5000    0.6176    0.5526        34
     CWE-798     0.8421    0.7442    0.7901       129
     CWE-427     0.5000    0.7727    0.6071        44
     CWE-312     0.3636    0.1905    0.2500        42
     CWE-843     0.7879    0.7647    0.7761        34
     CWE-269     0.5682    0.2358    0.3333       106
     CWE-434     0.6598    0.8299    0.7352       194
      CWE-22     0.8961    0.8822    0.8891       518
      CWE-79     0.9979    0.8342    0.9087      2256
     CWE-770     0.2750    0.3729    0.3165        59
     CWE-347     0.4359    0.7083    0.5397        24
     CWE-203     0.4583    0.8148    0.5867        27
     CWE-863     0.2810    0.2881    0.2845       118
      CWE-74     0.2194    0.4789    0.3009        71
     CWE-862     0.6651    0.6409    0.6528       220
     CWE-352     0.8366    0.9382    0.8845       453
     CWE-362     0.8727    0.7869    0.8276       122
     CWE-200     0.6185    0.6898    0.6522       590
     CWE-835     0.6481    0.8537    0.7368        41
     CWE-326     0.3462    0.5806    0.4337        31
     CWE-190     0.8458    0.9050    0.8744       200
     CWE-476     0.7354    0.8475    0.7875       223
     CWE-639     0.3621    0.7500    0.4884        28
     CWE-276     0.2982    0.5312    0.3820        64
     CWE-601     0.8868    0.6620    0.7581        71
     CWE-668     0.1778    0.1778    0.1778        45
     CWE-415     0.8444    0.9048    0.8736        42
     CWE-611     0.7982    0.9457    0.8657        92
      CWE-20     0.4147    0.4444    0.4291       810
     CWE-401     0.7027    0.5000    0.5843        52
      CWE-89     0.9933    0.9248    0.9578       957
     CWE-617     0.7419    0.6053    0.6667        38
     CWE-908     0.6296    0.7083    0.6667        24
      CWE-78     0.5240    0.8108    0.6366       296
     CWE-400     0.4873    0.5580    0.5203       138
      CWE-94     0.4109    0.5685    0.4770       292

    accuracy                         0.7130     12845
   macro avg     0.6044    0.6402    0.6059     12845
weighted avg     0.7511    0.7130    0.7164     12845

Test Confusion
[[ 91   1   0 ...   0   0   0]
 [  2  31   0 ...   4   0   1]
 [  0   1  78 ...   1   0   0]
 ...
 [  0   0   0 ... 240   0  10]
 [  0   0   0 ...   1  77   1]
 [  0   0   0 ...  14   0 166]]
